image_width: 1280
image_height: 720
camera_name: camera
camera_matrix:
  rows: 3
  cols: 3
  data: [972.462056, 0, 626.015938, 0, 968.579713, 351.732596, 0, 0, 1]
distortion_model: plumb_bob
distortion_coefficients:
  rows: 1
  cols: 5
  data: [-0.008558, -0.030782, -0.00176, -0.007929, 0]
rectification_matrix:
  rows: 3
  cols: 3
  data: [1, 0, 0, 0, 1, 0, 0, 0, 1]
projection_matrix:
  rows: 3
  cols: 4
  data: [960.885803, 0, 614.441647, 0, 0, 968.321716, 350.316129, 0, 0, 0, 1, 0]