image_width: 1280
image_height: 720
camera_name: narrow_stereo
camera_matrix:
  rows: 3
  cols: 3
  data: [1127.395501, 0.000000, 652.963648, 0.000000, 1138.716005, 373.355313, 0.000000, 0.000000, 1.000000]
distortion_model: plumb_bob
distortion_coefficients:
  rows: 1
  cols: 5
  data: [0.008896, -0.061188, 0.005465, -0.001868, 0.000000]
rectification_matrix:
  rows: 3
  cols: 3
  data: [1.000000, 0.000000, 0.000000, 0.000000, 1.000000, 0.000000, 0.000000, 0.000000, 1.000000]
projection_matrix:
  rows: 3
  cols: 4
  data: [1124.539062, 0.000000, 651.114950, 0.000000, 0.000000, 1139.860474, 375.651684, 0.000000, 0.000000, 0.000000, 1.000000, 0.000000]
